299 119
299 120
298 121
297 122
296 123
295 124
294 125
293 126
292 127
291 128
290 129
289 130
288 131
287 132
286 133
285 134
284 135
283 136
282 137
281 138
280 139
279 140
278 141
277 142
276 143
275 144
274 145
273 146
272 147
271 148
270 149
269 150
268 151
267 152
266 153
265 154
264 155
263 156
262 157
261 158
260 159
259 160
258 161
257 162
256 163
255 164
254 165
253 166
252 167
251 168
250 169
249 170
248 171
247 172
246 173
245 174
244 175
243 176
242 177
241 178
240 179
239 180
238 181
237 182
236 183
235 184
234 185
233 186
232 187
231 188
230 189
229 190
228 191
227 192
226 193
225 194
224 195
223 196
222 197
221 198
220 199
219 200
218 201
217 202
216 203
215 204
214 205
213 206
212 207
211 208
210 209
209 210
208 211
207 212
206 213
205 214
204 215
203 216
202 217
201 218
200 219
199 220
198 221
197 222
196 223
195 224
194 225
193 226
192 227
191 228
190 229
189 230
188 231
187 232
186 233
185 234
184 235
183 236
182 237
181 238
180 239
179 240
178 241
177 242
176 243
175 244
174 245
173 246
172 247
171 248
170 249
169 250
168 251
167 252
166 253
165 254
164 255
163 256
162 257
161 258
160 259
159 260
158 261
157 262
156 263
155 264
154 265
153 266
152 267
151 268
150 269
149 270
148 271
147 272
146 273
145 274
144 274
143 275
143 276
143 277
143 276
144 275
145 274
146 274
146 273
147 272
148 271
149 270
150 269
151 268
152 267
153 266
154 265
155 264
156 263
157 262
158 261
159 260
160 259
161 258
162 257
163 256
164 255
165 254
166 253
167 252
168 251
169 250
170 249
171 248
172 247
173 246
174 245
175 244
176 243
177 242
178 241
179 240
180 239
181 238
182 237
183 236
184 235
185 234
186 233
187 232
188 231
189 230
190 229
191 228
192 227
193 226
194 225
195 224
196 223
197 222
198 221
199 220
200 219
201 218
202 217
203 216
204 215
205 214
206 213
207 212
208 211
209 210
210 209
211 208
212 207
213 206
214 205
215 204
216 203
217 202
218 201
219 200
220 199
221 198
222 197
223 196
224 195
225 194
226 193
227 192
228 191
229 190
230 189
231 188
232 187
233 186
234 185
235 184
236 183
237 182
238 181
239 180
240 179
241 178
242 177
243 176
244 175
245 174
246 173
247 172
248 171
249 170
250 169
251 168
252 167
253 166
254 165
255 164
256 163
257 162
258 161
259 160
260 159
261 158
262 157
263 156
264 155
265 154
266 153
267 152
268 151
269 150
270 149
271 148
272 147
273 146
274 145
275 144
276 143
277 142
278 141
279 140
280 139
281 138
282 137
283 136
284 135
285 134
286 133
287 132
288 131
289 130
290 129
291 128
292 127
293 126
294 125
295 124
296 123
297 122
298 121
