0.557485 0 1.58548e-005
0.557488 0 1.58548e-005
0.557491 0 1.58548e-005
0.557496 0 1.58548e-005
0.557501 0 1.58548e-005
0.557508 0 1.58548e-005
0.557515 0 1.58548e-005
0.557524 0 1.58548e-005
0.557533 0 1.58548e-005
0.557544 0 1.58548e-005
0.557555 0 1.58548e-005
0.557568 0 1.58548e-005
0.557581 0 1.58548e-005
0.557596 0 1.58548e-005
0.557611 0 1.58548e-005
0.557628 0 1.58548e-005
0.557645 0 1.58548e-005
0.557664 0 1.58548e-005
0.557683 0 1.58548e-005
0.557704 0 1.58548e-005
0.557725 0 1.58548e-005
0.557748 0 1.58548e-005
0.557771 0 1.58548e-005
0.557796 0 1.58548e-005
0.557821 0 1.58548e-005
0.557848 0 1.58548e-005
0.557875 0 1.58548e-005
0.557904 0 1.58548e-005
0.557933 0 1.58548e-005
0.557964 0 1.58548e-005
0.557995 0 1.58548e-005
0.558028 0 1.58548e-005
0.558061 0 1.58548e-005
0.558096 0 1.58548e-005
0.558131 0 1.58548e-005
0.558168 0 1.58548e-005
0.558205 0 1.58548e-005
0.558244 0 1.58548e-005
0.558283 0 1.58548e-005
0.558324 0 1.58548e-005
0.558365 0 1.58548e-005
0.558408 0 1.58548e-005
0.558451 0 1.58548e-005
0.558496 0 1.58548e-005
0.558541 0 1.58548e-005
0.558588 0 1.58548e-005
0.558635 0 1.58548e-005
0.558684 0 1.58548e-005
0.558733 0 1.58548e-005
0.558784 0 1.58548e-005
0.558835 0 1.58548e-005
0.558888 0 1.58548e-005
0.558941 0 1.58548e-005
0.558996 0 1.58548e-005
0.559051 0 1.58548e-005
0.559108 0 1.58548e-005
0.559165 0 1.58548e-005
0.559224 0 1.58548e-005
0.559283 0 1.58548e-005
0.559344 0 1.58548e-005
0.559405 0 1.58548e-005
0.559468 0 1.58548e-005
0.559531 0 1.58548e-005
0.559596 0 1.58548e-005
0.559661 0 1.58548e-005
0.559728 0 1.58548e-005
0.559795 0 1.58548e-005
0.559864 0 1.58548e-005
0.559933 0 1.58548e-005
0.560004 0 1.58548e-005
0.560075 0 1.58548e-005
0.560148 0 1.58548e-005
0.560221 0 1.58548e-005
0.560296 0 1.58548e-005
0.560371 0 1.58548e-005
0.560448 0 1.58548e-005
0.560525 0 1.58548e-005
0.560604 0 1.58548e-005
0.560683 0 1.58548e-005
0.560764 0 1.58548e-005
0.560845 0 1.58548e-005
0.560928 0 1.58548e-005
0.561011 0 1.58548e-005
0.561096 0 1.58548e-005
0.561181 0 1.58548e-005
0.561268 0 1.58548e-005
0.561355 0 1.58548e-005
0.561444 0 1.58548e-005
0.561533 0 1.58548e-005
0.561624 0 1.58548e-005
0.561715 0 1.58548e-005
0.561808 0 1.58548e-005
0.561901 0 1.58548e-005
0.561996 0 1.58548e-005
0.562091 0 1.58548e-005
0.562188 0 1.58548e-005
0.562285 0 1.58548e-005
0.562384 0 1.58548e-005
0.562483 0 1.58548e-005
0.562584 0 1.58548e-005
0.562685 0 1.58548e-005
0.562788 0 1.58548e-005
0.562891 0 1.58548e-005
0.562996 0 1.58548e-005
0.563101 0 1.58548e-005
0.563208 0 1.58548e-005
0.563315 0 1.58548e-005
0.563424 0 1.58548e-005
0.563533 0 1.58548e-005
0.563644 0 1.58548e-005
0.563755 0 1.58548e-005
0.563868 0 1.58548e-005
0.563981 0 1.58548e-005
0.564096 0 1.58548e-005
0.564211 0 1.58548e-005
0.564328 0 1.58548e-005
0.564445 0 1.58548e-005
0.564564 0 1.58548e-005
0.564683 0 1.58548e-005
0.564804 0 1.58548e-005
0.564925 0 1.58548e-005
0.565048 0 1.58548e-005
0.565171 0 1.58548e-005
0.565296 0 1.58548e-005
0.565421 0 1.58548e-005
0.565548 0 1.58548e-005
0.565675 0 1.58548e-005
0.565804 0 1.58548e-005
0.565933 0 1.58548e-005
0.566064 0 1.58548e-005
0.566195 0 1.58548e-005
0.566328 0 1.58548e-005
0.566461 0 1.58548e-005
0.566596 0 1.58548e-005
0.566731 0 1.58548e-005
0.566868 0 1.58548e-005
0.567005 0 1.58548e-005
0.567144 0 1.58548e-005
0.567283 0 1.58548e-005
0.567424 0 1.58548e-005
0.567565 0 1.58548e-005
0.567708 0 1.58548e-005
0.567851 0 1.58548e-005
0.567996 0 1.58548e-005
0.568141 0 1.58548e-005
0.568288 0 1.58548e-005
0.568435 0 1.58548e-005
0.568584 0 1.58548e-005
0.568733 0 1.58548e-005
0.568884 0 1.58548e-005
0.569035 0 1.58548e-005
0.569188 0 1.58548e-005
0.569341 0 1.58548e-005
0.569496 0 1.58548e-005
0.569651 0 1.58548e-005
0.569808 0 1.58548e-005
0.569965 0 1.58548e-005
0.570124 0 1.58548e-005
0.570283 0 1.58548e-005
0.570444 0 1.58548e-005
0.570605 0 1.58548e-005
0.570768 0 1.58548e-005
0.570931 0 1.58548e-005
0.571096 0 1.58548e-005
0.571261 0 1.58548e-005
0.571428 0 1.58548e-005
0.571595 0 1.58548e-005
0.571764 0 1.58548e-005
0.571933 0 1.58548e-005
0.572104 0 1.58548e-005
0.572275 0 1.58548e-005
0.572448 0 1.58548e-005
0.572621 0 1.58548e-005
0.572796 0 1.58548e-005
0.572971 0 1.58548e-005
0.573148 0 1.58548e-005
0.573325 0 1.58548e-005
0.573504 0 1.58548e-005
0.573683 0 1.58548e-005
0.573864 0 1.58548e-005
0.574045 0 1.58548e-005
0.574228 0 1.58548e-005
0.574411 0 1.58548e-005
0.574596 0 1.58548e-005
0.574781 0 1.58548e-005
0.574968 0 1.58548e-005
0.575155 0 1.58548e-005
0.575344 0 1.58548e-005
0.575533 0 1.58548e-005
0.575724 0 1.58548e-005
0.575915 0 1.58548e-005
0.576108 0 1.58548e-005
0.576301 0 1.58548e-005
0.576496 0 1.58548e-005
0.576691 0 1.58548e-005
0.576888 0 1.58548e-005
0.577085 0 1.58548e-005
0.577284 0 1.58548e-005
0.577483 0 1.58548e-005
0.577684 0 1.58548e-005
0.577884 0 1.58548e-005
0.578084 0 1.58548e-005
0.578284 0 1.58548e-005
0.578484 0 1.58548e-005
0.578684 0 1.58548e-005
0.578884 0 1.58548e-005
0.579084 0 1.58548e-005
0.579284 0 1.58548e-005
0.579484 0 1.58548e-005
0.579684 0 1.58548e-005
0.579884 0 1.58548e-005
0.580083 0 1.58548e-005
0.580283 0 1.58548e-005
0.580483 0 1.58548e-005
0.580683 0 1.58548e-005
0.580883 0 1.58548e-005
0.581083 0 1.58548e-005
0.581283 0 1.58548e-005
0.581483 0 1.58548e-005
0.581683 0 1.58548e-005
0.581883 0 1.58548e-005
0.582083 0 1.58548e-005
0.582283 0 1.58548e-005
0.582483 0 1.58548e-005
0.582683 0 1.58548e-005
0.582883 0 1.58548e-005
0.583083 0 1.58548e-005
0.583283 0 1.58548e-005
0.583483 0 1.58548e-005
0.583683 0 1.58548e-005
0.583883 0 1.58548e-005
0.584083 0 1.58548e-005
0.584283 0 1.58548e-005
0.584483 0 1.58548e-005
0.584683 0 1.58548e-005
0.584883 0 1.58548e-005
0.585083 0 1.58548e-005
0.585283 0 1.58548e-005
0.585483 0 1.58548e-005
0.585683 0 1.58548e-005
0.585883 0 1.58548e-005
0.586083 0 1.58548e-005
0.586283 0 1.58548e-005
0.586483 0 1.58548e-005
0.586683 0 1.58548e-005
0.586883 0 1.58548e-005
0.587083 0 1.58548e-005
0.587283 0 1.58548e-005
0.587483 0 1.58548e-005
0.587682 0 1.58548e-005
0.587882 0 1.58548e-005
0.588082 0 1.58548e-005
0.588282 0 1.58548e-005
0.588482 0 1.58548e-005
0.588682 0 1.58548e-005
0.588882 0 1.58548e-005
0.589082 0 1.58548e-005
0.589282 0 1.58548e-005
0.589482 0 1.58548e-005
0.589682 0 1.58548e-005
0.589882 0 1.58548e-005
0.590082 0 1.58548e-005
0.590282 0 1.58548e-005
0.590482 0 1.58548e-005
0.590682 0 1.58548e-005
0.590882 0 1.58548e-005
0.591082 0 1.58548e-005
0.591282 0 1.58548e-005
0.591482 0 1.58548e-005
0.591682 0 1.58548e-005
0.591882 0 1.58548e-005
0.592082 0 1.58548e-005
0.592282 0 1.58548e-005
0.592482 0 1.58548e-005
0.592682 0 1.58548e-005
0.592882 0 1.58548e-005
0.593082 0 1.58548e-005
0.593282 0 1.58548e-005
0.593482 0 1.58548e-005
0.593682 0 1.58548e-005
0.593882 0 1.58548e-005
0.594082 0 1.58548e-005
0.594282 0 1.58548e-005
0.594482 0 1.58548e-005
0.594682 0 1.58548e-005
0.594882 0 1.58548e-005
0.595082 0 1.58548e-005
0.595281 0 1.58548e-005
0.595481 0 1.58548e-005
0.595681 0 1.58548e-005
0.595881 0 1.58548e-005
0.596081 0 1.58548e-005
0.596281 0 1.58548e-005
0.596481 0 1.58548e-005
0.596681 0 1.58548e-005
0.596881 0 1.58548e-005
0.597081 0 1.58548e-005
0.597281 0 1.58548e-005
0.597481 0 1.58548e-005
0.597681 0 1.58548e-005
0.597881 0 1.58548e-005
0.598081 0 1.58548e-005
0.598281 0 1.58548e-005
0.598481 0 1.58548e-005
0.598681 0 1.58548e-005
0.598881 0 1.58548e-005
0.599081 0 1.58548e-005
0.599281 0 1.58548e-005
0.599481 0 1.58548e-005
0.599681 0 1.58548e-005
0.599881 0 1.58548e-005
0.600081 0 1.58548e-005
0.600281 0 1.58548e-005
0.600481 0 1.58548e-005
0.600681 0 1.58548e-005
0.600881 0 1.58548e-005
0.601081 0 1.58548e-005
0.601281 0 1.58548e-005
0.601481 0 1.58548e-005
0.601681 0 1.58548e-005
0.601881 0 1.58548e-005
0.602081 0 1.58548e-005
0.602281 0 1.58548e-005
0.602481 0 1.58548e-005
0.602681 0 1.58548e-005
0.60288 0 1.58548e-005
0.60308 0 1.58548e-005
0.60328 0 1.58548e-005
0.60348 0 1.58548e-005
0.60368 0 1.58548e-005
0.60388 0 1.58548e-005
0.60408 0 1.58548e-005
0.60428 0 1.58548e-005
0.60448 0 1.58548e-005
0.60468 0 1.58548e-005
0.60488 0 1.58548e-005
0.60508 0 1.58548e-005
0.60528 0 1.58548e-005
0.60548 0 1.58548e-005
0.60568 0 1.58548e-005
0.60588 0 1.58548e-005
0.60608 0 1.58548e-005
0.60628 0 1.58548e-005
0.60648 0 1.58548e-005
0.60668 0 1.58548e-005
0.60688 0 1.58548e-005
0.60708 0 1.58548e-005
0.60728 0 1.58548e-005
0.60748 0 1.58548e-005
0.60768 0 1.58548e-005
0.60788 0 1.58548e-005
0.60808 0 1.58548e-005
0.60828 0 1.58548e-005
0.60848 0 1.58548e-005
0.60868 0 1.58548e-005
0.60888 0 1.58548e-005
0.60908 0 1.58548e-005
0.60928 0 1.58548e-005
0.60948 0 1.58548e-005
0.60968 0 1.58548e-005
0.60988 0 1.58548e-005
0.61008 0 1.58548e-005
0.61028 0 1.58548e-005
0.610479 0 1.58548e-005
0.610679 0 1.58548e-005
0.610879 0 1.58548e-005
0.611079 0 1.58548e-005
0.611279 0 1.58548e-005
0.611479 0 1.58548e-005
0.611679 0 1.58548e-005
0.611879 0 1.58548e-005
0.612079 0 1.58548e-005
0.612279 0 1.58548e-005
0.612479 0 1.58548e-005
0.612679 0 1.58548e-005
0.612879 0 1.58548e-005
0.613079 0 1.58548e-005
0.613279 0 1.58548e-005
0.613479 0 1.58548e-005
0.613679 0 1.58548e-005
0.613879 0 1.58548e-005
0.614079 0 1.58548e-005
0.614279 0 1.58548e-005
0.614479 0 1.58548e-005
0.614679 0 1.58548e-005
0.614879 0 1.58548e-005
0.615079 0 1.58548e-005
0.615279 0 1.58548e-005
0.615479 0 1.58548e-005
0.615679 0 1.58548e-005
0.615879 0 1.58548e-005
0.616079 0 1.58548e-005
0.616279 0 1.58548e-005
0.616479 0 1.58548e-005
0.616679 0 1.58548e-005
0.616879 0 1.58548e-005
0.617079 0 1.58548e-005
0.617279 0 1.58548e-005
0.617479 0 1.58548e-005
0.617679 0 1.58548e-005
0.617878 0 1.58548e-005
0.618078 0 1.58548e-005
0.618278 0 1.58548e-005
0.618478 0 1.58548e-005
0.618678 0 1.58548e-005
0.618878 0 1.58548e-005
0.619078 0 1.58548e-005
0.619278 0 1.58548e-005
0.619478 0 1.58548e-005
0.619678 0 1.58548e-005
0.619878 0 1.58548e-005
0.620078 0 1.58548e-005
0.620278 0 1.58548e-005
0.620478 0 1.58548e-005
0.620678 0 1.58548e-005
0.620878 0 1.58548e-005
0.621078 0 1.58548e-005
0.621278 0 1.58548e-005
0.621478 0 1.58548e-005
0.621678 0 1.58548e-005
0.621878 0 1.58548e-005
0.622078 0 1.58548e-005
0.622278 0 1.58548e-005
0.622478 0 1.58548e-005
0.622678 0 1.58548e-005
0.622878 0 1.58548e-005
0.623078 0 1.58548e-005
0.623278 0 1.58548e-005
0.623478 0 1.58548e-005
0.623678 0 1.58548e-005
0.623878 0 1.58548e-005
0.624078 0 1.58548e-005
0.624278 0 1.58548e-005
0.624478 0 1.58548e-005
0.624678 0 1.58548e-005
0.624878 0 1.58548e-005
0.625078 0 1.58548e-005
0.625278 0 1.58548e-005
0.625477 0 1.58548e-005
0.625677 0 1.58548e-005
0.625877 0 1.58548e-005
0.626077 0 1.58548e-005
0.626277 0 1.58548e-005
0.626477 0 1.58548e-005
0.626677 0 1.58548e-005
0.626877 0 1.58548e-005
0.627077 0 1.58548e-005
0.627277 0 1.58548e-005
0.627477 0 1.58548e-005
0.627677 0 1.58548e-005
0.627877 0 1.58548e-005
0.628077 0 1.58548e-005
0.628277 0 1.58548e-005
0.628477 0 1.58548e-005
0.628677 0 1.58548e-005
0.628877 0 1.58548e-005
0.629077 0 1.58548e-005
0.629277 0 1.58548e-005
0.629477 0 1.58548e-005
0.629677 0 1.58548e-005
0.629877 0 1.58548e-005
0.630077 0 1.58548e-005
0.630277 0 1.58548e-005
0.630477 0 1.58548e-005
0.630677 0 1.58548e-005
0.630877 0 1.58548e-005
0.631077 0 1.58548e-005
0.631277 0 1.58548e-005
0.631477 0 1.58548e-005
0.631677 0 1.58548e-005
0.631877 0 1.58548e-005
0.632077 0 1.58548e-005
0.632277 0 1.58548e-005
0.632477 0 1.58548e-005
0.632677 0 1.58548e-005
0.632877 0 1.58548e-005
0.633076 0 1.58548e-005
0.633276 0 1.58548e-005
0.633476 0 1.58548e-005
0.633676 0 1.58548e-005
0.633876 0 1.58548e-005
0.634076 0 1.58548e-005
0.634276 0 1.58548e-005
0.634476 0 1.58548e-005
0.634676 0 1.58548e-005
0.634876 0 1.58548e-005
0.635076 0 1.58548e-005
0.635276 0 1.58548e-005
0.635476 0 1.58548e-005
0.635676 0 1.58548e-005
0.635876 0 1.58548e-005
0.636076 0 1.58548e-005
0.636276 0 1.58548e-005
0.636476 0 1.58548e-005
0.636676 0 1.58548e-005
0.636876 0 1.58548e-005
0.637076 0 1.58548e-005
0.637276 0 1.58548e-005
0.637476 0 1.58548e-005
0.637676 0 1.58548e-005
0.637874 0 1.58548e-005
0.638072 0 1.58548e-005
0.638269 0 1.58548e-005
0.638464 0 1.58548e-005
0.638659 0 1.58548e-005
0.638852 0 1.58548e-005
0.639045 0 1.58548e-005
0.639236 0 1.58548e-005
0.639427 0 1.58548e-005
0.639616 0 1.58548e-005
0.639805 0 1.58548e-005
0.639992 0 1.58548e-005
0.640179 0 1.58548e-005
0.640364 0 1.58548e-005
0.640549 0 1.58548e-005
0.640732 0 1.58548e-005
0.640915 0 1.58548e-005
0.641097 0 1.58548e-005
0.641277 0 1.58548e-005
0.641457 0 1.58548e-005
0.641635 0 1.58548e-005
0.641813 0 1.58548e-005
0.641989 0 1.58548e-005
0.642165 0 1.58548e-005
0.642339 0 1.58548e-005
0.642513 0 1.58548e-005
0.642685 0 1.58548e-005
0.642857 0 1.58548e-005
0.643027 0 1.58548e-005
0.643197 0 1.58548e-005
0.643366 0 1.58548e-005
0.643533 0 1.58548e-005
0.6437 0 1.58548e-005
0.643865 0 1.58548e-005
0.64403 0 1.58548e-005
0.644193 0 1.58548e-005
0.644356 0 1.58548e-005
0.644517 0 1.58548e-005
0.644678 0 1.58548e-005
0.644837 0 1.58548e-005
0.644996 0 1.58548e-005
0.645153 0 1.58548e-005
0.64531 0 1.58548e-005
0.645465 0 1.58548e-005
0.64562 0 1.58548e-005
0.645774 0 1.58548e-005
0.645926 0 1.58548e-005
0.646078 0 1.58548e-005
0.646228 0 1.58548e-005
0.646378 0 1.58548e-005
0.646526 0 1.58548e-005
0.646674 0 1.58548e-005
0.64682 0 1.58548e-005
0.646966 0 1.58548e-005
0.64711 0 1.58548e-005
0.647254 0 1.58548e-005
0.647397 0 1.58548e-005
0.647538 0 1.58548e-005
0.647679 0 1.58548e-005
0.647818 0 1.58548e-005
0.647957 0 1.58548e-005
0.648094 0 1.58548e-005
0.648231 0 1.58548e-005
0.648366 0 1.58548e-005
0.648501 0 1.58548e-005
0.648634 0 1.58548e-005
0.648767 0 1.58548e-005
0.648898 0 1.58548e-005
0.649029 0 1.58548e-005
0.649159 0 1.58548e-005
0.649287 0 1.58548e-005
0.649415 0 1.58548e-005
0.649541 0 1.58548e-005
0.649667 0 1.58548e-005
0.649791 0 1.58548e-005
0.649915 0 1.58548e-005
0.650037 0 1.58548e-005
0.650159 0 1.58548e-005
0.650279 0 1.58548e-005
0.650399 0 1.58548e-005
0.650518 0 1.58548e-005
0.650635 0 1.58548e-005
0.650752 0 1.58548e-005
0.650867 0 1.58548e-005
0.650982 0 1.58548e-005
0.651095 0 1.58548e-005
0.651208 0 1.58548e-005
0.651319 0 1.58548e-005
0.65143 0 1.58548e-005
0.651539 0 1.58548e-005
0.651648 0 1.58548e-005
0.651755 0 1.58548e-005
0.651862 0 1.58548e-005
0.651968 0 1.58548e-005
0.652072 0 1.58548e-005
0.652176 0 1.58548e-005
0.652278 0 1.58548e-005
0.65238 0 1.58548e-005
0.65248 0 1.58548e-005
0.65258 0 1.58548e-005
0.652678 0 1.58548e-005
0.652776 0 1.58548e-005
0.652872 0 1.58548e-005
0.652968 0 1.58548e-005
0.653062 0 1.58548e-005
0.653156 0 1.58548e-005
0.653249 0 1.58548e-005
0.65334 0 1.58548e-005
0.653431 0 1.58548e-005
0.65352 0 1.58548e-005
0.653609 0 1.58548e-005
0.653696 0 1.58548e-005
0.653783 0 1.58548e-005
0.653868 0 1.58548e-005
0.653953 0 1.58548e-005
0.654036 0 1.58548e-005
0.654119 0 1.58548e-005
0.6542 0 1.58548e-005
0.654281 0 1.58548e-005
0.654361 0 1.58548e-005
0.654439 0 1.58548e-005
0.654517 0 1.58548e-005
0.654593 0 1.58548e-005
0.654669 0 1.58548e-005
0.654743 0 1.58548e-005
0.654817 0 1.58548e-005
0.654889 0 1.58548e-005
0.654961 0 1.58548e-005
0.655031 0 1.58548e-005
0.655101 0 1.58548e-005
0.655169 0 1.58548e-005
0.655237 0 1.58548e-005
0.655304 0 1.58548e-005
0.655369 0 1.58548e-005
0.655434 0 1.58548e-005
0.655497 0 1.58548e-005
0.65556 0 1.58548e-005
0.655621 0 1.58548e-005
0.655682 0 1.58548e-005
0.655741 0 1.58548e-005
0.6558 0 1.58548e-005
0.655857 0 1.58548e-005
0.655914 0 1.58548e-005
0.65597 0 1.58548e-005
0.656024 0 1.58548e-005
0.656078 0 1.58548e-005
0.65613 0 1.58548e-005
0.656182 0 1.58548e-005
0.656232 0 1.58548e-005
0.656282 0 1.58548e-005
0.65633 0 1.58548e-005
0.656378 0 1.58548e-005
0.656424 0 1.58548e-005
0.65647 0 1.58548e-005
0.656514 0 1.58548e-005
0.656558 0 1.58548e-005
0.6566 0 1.58548e-005
0.656642 0 1.58548e-005
0.656683 0 1.58548e-005
0.656722 0 1.58548e-005
0.656761 0 1.58548e-005
0.656798 0 1.58548e-005
0.656835 0 1.58548e-005
0.65687 0 1.58548e-005
0.656905 0 1.58548e-005
0.656938 0 1.58548e-005
0.656971 0 1.58548e-005
0.657002 0 1.58548e-005
0.657033 0 1.58548e-005
0.657062 0 1.58548e-005
0.657091 0 1.58548e-005
0.657119 0 1.58548e-005
0.657145 0 1.58548e-005
0.657171 0 1.58548e-005
0.657195 0 1.58548e-005
0.657219 0 1.58548e-005
0.657241 0 1.58548e-005
0.657263 0 1.58548e-005
0.657283 0 1.58548e-005
0.657303 0 1.58548e-005
0.657321 0 1.58548e-005
0.657339 0 1.58548e-005
0.657355 0 1.58548e-005
0.657371 0 1.58548e-005
0.657386 0 1.58548e-005
0.657399 0 1.58548e-005
0.657412 0 1.58548e-005
0.657423 0 1.58548e-005
0.657434 0 1.58548e-005
0.657443 0 1.58548e-005
0.657452 0 1.58548e-005
0.657459 0 1.58548e-005
0.657466 0 1.58548e-005
0.657471 0 1.58548e-005
0.657476 0 1.58548e-005
0.657479 0 1.58548e-005
0.657482 0 1.58548e-005
0.657484 0 1.58548e-005
0.657484 0 1.58548e-005
0.657484 0 1.58548e-005
0.657484 0 1.58548e-005
