[153, 1]
[151, 3]
[145, 11]
[144, 14]
[138, 20]
[136, 23]
[136, 24]
[134, 25]
[133, 28]
[128, 33]
[127, 36]
[122, 41]
[120, 46]
[118, 48]
[116, 52]
[116, 57]
[115, 61]
[113, 64]
[112, 69]
[112, 99]
[113, 102]
[115, 104]
[116, 107]
[116, 113]
[119, 118]
[119, 130]
[120, 133]
[121, 134]
[121, 136]
[117, 140]
[116, 142]
[116, 149]
[117, 154]
[118, 159]
[119, 162]
[120, 163]
[121, 166]
[122, 170]
[122, 180]
[123, 185]
[124, 189]
[125, 190]
[126, 194]
[126, 201]
[127, 206]
[128, 209]
[129, 213]
[130, 217]
[131, 218]
[131, 221]
[132, 225]
[133, 230]
[134, 233]
[136, 236]
[136, 239]
[137, 243]
[140, 248]
[140, 250]
[141, 252]
[143, 254]
[144, 256]
[144, 258]
[146, 260]
[147, 263]
[150, 267]
[153, 271]
[155, 274]
[161, 280]
[161, 288]
[156, 293]
[150, 298]
[148, 299]
[141, 299]
[137, 300]
[134, 302]
[130, 302]
[126, 303]
[120, 306]
[117, 309]
[109, 310]
[103, 310]
[101, 312]
[99, 313]
[95, 314]
[93, 314]
[88, 317]
